size                   45 0
default                32
max                    127
32  45/space.tif       0  0  18
33  45/033.tif           0  0  24
34  45/034.tif           0  0  27
35  45/034.tif           0  6  30
36  45/036.tif           0  0  19
37  45/037.tif           0  0  42
38  45/038.tif           0  0  28
39  45/096.tif           0  0  13
40  45/039.tif           0  0  11
41  45/040.tif           0  0  11
42  45/041.tif           0  6  22
43  45/043.tif           0  5  27
44  45/096.tif           0  22 13
45  45/045.tif           0  14 27
46  45/096.tif           0  22 13
47  45/slash.tif       0  0  12
48  45/0.tif           0  0  36
49  45/1.tif           0  0  11
50  45/2.tif           0  0  26
51  45/3.tif           0  0  20
52  45/4.tif           0  0  26
53  45/5.tif           0  0  22
54  45/6.tif           0  0  27
55  45/7.tif           0  0  24
56  45/8.tif           0  0  26
57  45/9.tif           0  0  28
58  45/colon.tif       0  6  13
59  45/059.tif           0  6  13
60  45/061.tif           0  1  23
61  45/062.tif           0  12 27
62  45/063.tif           0  1  23
63  45/063.tif           0  0  24
64  45/@.tif           0  0  34
65  45/A.tif           0  0  26
66  45/B.tif           0  0  27
67  45/C.tif           0  0  37
68  45/D.tif           0  0  34
69  45/E.tif           0  0  21
70  45/F.tif           0  0  24
71  45/G.tif           0  0  30
72  45/H.tif           0  0  25
73  45/I.tif           0  0  12
74  45/J.tif           0  0  15
75  45/K.tif           0  0  31
76  45/L.tif           0  0  16
77  45/M.tif           0  0  37
78  45/N.tif           0  0  26
79  45/O.tif           0  0  37
80  45/P.tif           0  0  25
81  45/Q.tif           0  0  37
82  45/R.tif           0  0  29
83  45/S.tif           0  0  20
84  45/T.tif           0  0  27
85  45/U.tif           0  0  26
86  45/V.tif           0  0  30
87  45/W.tif           0  0  37
88  45/X.tif           0  0  29
89  45/Y.tif           0  0  30
90  45/Z.tif           0  0  28
91  45/091.tif           0  0  15
92  45/092.tif           0  0  12
93  45/093.tif           0  0  15
94  45/^.tif           0  0  26
95  45/_.tif           0  29 27
96  45/096.tif           0  0  13
97  45/a.tif           0  9  28
98  45/b.tif           0  0  27
99  45/c.tif           0  9  28
100 45/d.tif           0  0  28
101 45/e.tif           0  9  28
102 45/f.tif           0  0  15
103 45/g.tif           0  9  28
104 45/h.tif           0  0  23
105 45/i.tif           0  1  11
106 45/j.tif           0  1  17
107 45/k.tif           0  0  27
108 45/l.tif           0  0  11
109 45/m.tif           0  9  35
110 45/n.tif           0  9  23
111 45/o.tif           0  9  27
112 45/p.tif           0  9  27
113 45/q.tif           0  9  28
114 45/r.tif           0  9  15
115 45/s.tif           0  9  19
116 45/t.tif           0  0  15
117 45/u.tif           0  9  23
118 45/v.tif           0  9  23
119 45/w.tif           0  9  35
120 45/x.tif           0  9  23
121 45/y.tif           0  9  23
122 45/z.tif           0  9  25
123 45/123.tif           0  0  20
124 45/124.tif           0  0  12
125 45/125.tif           0  0  20
126 45/126.tif           0  0  25
