size                   17 0
default                32
max                    127
32  17/032.png         0  0  4
33  17/033.png         0  0  3
34  17/034.png         0  0  6
35  17/035.png         0  0  8
36  17/036.png         0  0  6
37  17/037.png         0  6  6
38  17/038.png         0  0  8
39  17/039.png         0  0  4
40  17/040.png         0  0  5
41  17/041.png         0  0  5
42  17/042.png         0  3  6
43  17/043.png         0  3  5
44  17/044.png         0  13 4
45  17/045.png         0  6  5
46  17/046.png         0  13 3
47  17/047.png         0  0  6
48  17/048.png         0  0  6
49  17/049.png         0  0  4
50  17/050.png         0  0  6
51  17/051.png         0  0  6
52  17/052.png         0  0  6
53  17/053.png         0  0  6
54  17/054.png         0  0  6
55  17/055.png         0  0  6
56  17/056.png         0  0  6
57  17/057.png         0  0  6
58  17/058.png         0  3  3
59  17/059.png         0  3  4
60  17/060.png         0  3  5
61  17/061.png         0  5  5
62  17/062.png         0  3  5
63  17/063.png         0  0  6
64  17/064.png         0  0  6
65  17/065.png         0  0  6
66  17/066.png         0  0  6
67  17/067.png         0  0  6
68  17/068.png         0  0  6
69  17/069.png         0  0  6
70  17/070.png         0  0  6
71  17/071.png         0  0  6
72  17/072.png         0  0  6
73  17/073.png         0  0  5
74  17/074.png         0  0  6
75  17/075.png         0  0  6
76  17/076.png         0  0  6
77  17/077.png         0  0  9
78  17/078.png         0  0  6
79  17/079.png         0  0  6
80  17/080.png         0  0  6
81  17/081.png         0  0  6
82  17/082.png         0  0  6
83  17/083.png         0  0  5
84  17/084.png         0  0  5
85  17/085.png         0  0  6
86  17/086.png         0  0  6
87  17/087.png         0  0  9
88  17/088.png         0  0  6
89  17/089.png         0  0  6
90  17/090.png         0  0  6
91  17/091.png         0  0  5
92  17/092.png         0  0  6
93  17/093.png         0  0  5
94  17/094.png         0  0  6
95  17/095.png         0  16 5
96  17/096.png         0  0  4
97  17/097.png         0  6  6
98  17/098.png         0  0  6
99  17/099.png         0  6  6
100 17/100.png         0  0  6
101 17/101.png         0  6  6
102 17/102.png         0  0  6
103 17/103.png         0  6  5
104 17/104.png         0  0  6
105 17/105.png         0  4  3
106 17/106.png         0  4  4
107 17/107.png         0  0  6
108 17/108.png         0  0  3
109 17/109.png         0  6  9
110 17/110.png         0  6  6
111 17/111.png         0  6  6
112 17/112.png         0  6  6
113 17/113.png         0  6  6
114 17/114.png         0  6  6
115 17/115.png         0  6  6
116 17/116.png         0  0  5
117 17/117.png         0  6  6
118 17/118.png         0  6  6
119 17/119.png         0  6  9
120 17/120.png         0  6  6
121 17/121.png         0  6  6
122 17/122.png         0  6  6
123 17/123.png         0  0  6
124 17/124.png         0  0  3
125 17/125.png         0  0  6
126 17/126.png         0  0  7
